610:Sorungen:POINT(598465.5404345873, 7001933.186390212, 460)
421:Nesjoen:POINT(643238.8541558827, 6988515.622107312, 736)
678:Vinje:POINT(435455.83541530446, 6609296.052012105, 470)
423:Nidarvoll:POINT(569993.7914818848, 7030651.764396879, 50)
489:Sakristian:POINT(671186.771188397, 6975454.1630214285, 860)
598:Sylsjoen:POINT(659609.861496635, 6981711.174382882, 860)
503:Selbu:POINT(600890.1637958911, 7012214.592550813, 160)
121:Finnkoisjoen:POINT(639073.4486286037, 7009578.3123658635, 770)
217:Hersjoen:POINT(610147.0805960814, 7011587.7092948295, 420)
506:Sellisjoen:POINT(636193.4236108265, 6993143.624135425, 505)
574:Stugusjoen:POINT(643165.6820005056, 6981623.284712992, 627)
999:Lodolja:POINT(637555.933, 7003552.123, 582)
10000:nea:POINT(643238.8541558827, 6988515.622107312, 736)
10001:tya:POINT(671186.771188397, 6975454.1630214285, 860)
10002:selbusjoen:POINT(600890.1637958911, 7012214.592550813, 160)
